fn=(364) memcpy@@GLIBC_2.14
* 13928
* 6
+2 1
+65 351200
* 12
+1 2
+54 2
-1 35
1973 14
148 20016
+1 5
+1 23
fe=(250)
+4 1
1037 15
-3 1093410
+1 11652
cfi=(253)
-42 97
cfi=(181)
+1 2
+6 65238

cfn=(1106)
cfi=(253)
+1 24
+1 35
* 131
+4 12
+1 108
+8 39723
calls=1 39 
calls=1 29 
* 19
+1 111264
-1 423534
+3 2
-1 7
+2 27874
cob=(1)

+1 2
74 11024
+4 8
616 187259
+2 604
cfi=(253)
cob=(2)
2861 276
-20 2
+3 24
+1 15
cfn=(988)
+44 42
-1 117
+1 4
+5 1867970
-16 20
-2 39
cfn=(126)
+20 23
+1 400
cfi=(161)
991 16536
+15 81580
cfn=(30)
-9 9332
+3 8255
+53 1
+1 6
cfn=(166)
fe=(294)
4637 41272
+9 8224
+4 10178
-1 1173
44 9
cfn=(84)
+4 4
calls=17 28 
+8 6
-4 464
fi=(42)
+1 960
+25 1464
+4 24
cfi=(23)
+1 434755
fn=(1062) match_ctx_clean
+1 1855
+1 3
calls=25 1536 
cfi=(32)
* 641
-1 355
+3 3
fl=(141) /usr/src/debug/glibc/glibc/misc/../sysdeps/unix/syscall-template.S
+1 384
+12 6
+1 22
+1 5607
+12 18
cfn=(832)
29 873
29 1
+1 204
* 82677
fn=(410) rindex
+2 44
3879 16287
+3 22
+1 1569
calls=1 266 
* 3951
+1 26
cfi=(192)
280 18
+2 69

29 1
-1 24
+2 3

cfn=(962)
+2 486
cfn=(964)
-3 234
494 10034136
fi=(301)
+1 17824
+6 1116
-1 5
-1 7013
* 24
-6 6
+1 319

+2 626852
+10 1
-54 21317
cfn=(842)
+3 1
+1 2
* 4864263
-9 113
+1 6
+6 5121
+10 48
fe=(79)
+1 30
+31 1
-2 1
+4 126
+1 3
1592 52807
+3 37163
calls=7 369 
+1 732
fl=(98) /usr/src/debug/glibc/glibc/wcsmbs/../sysdeps/x86_64/multiarch/wmemset.c
+12 896
67 3
+4 37
fi=(255)
+9 4
cfn=(126)
cfi=(168)
-3 109
+8 6084
calls=761 3283 
cfi=(219)
3646 27684
* 1765
* 256
+36 54
+10 36
-1 561780
+3 12
calls=13497 1285 
fn=(260)
+9 11
+1 1535
+1 295
-1 949
+4 110
+14 96086
+1 18234
+6 1269882
+1 282
* 356
cfn=(824)
+2 4
* 526
cfn=(972)
+6 70
+1 2
* 8137
+3 5
2595 72
+1 36
* 395978337
38 11024
-1 1
fe=(218)
344 111
cfn=(964)
+4 4
fn=(1036) _int_free_chunk
-4 170
calls=355 +6 
-34 16
1461 330
+3 6
cfi=(8)
2533 75
+1 22
calls=2 197 
301 1
* 64
+1 81357
52 436862
+8 97
fi=(242)

+2 14539
+2 3
fn=(190)
* 2
fe=(79)
+5 27874
* 15892574
+6 3
cob=(2)
fi=(5)
+1 120
59 27852
+6 501534
cfi=(28)
+3 732
+4 9
+3 308
fi=(251)
calls=1 435 
+3 1
calls=1 28 
62 4
calls=24 1030 
1173 24
+3 60
+1 18

cfi=(192)
* 390
* 95
* 1272101
-2 16
cob=(2)
-7 366
+1 187148
+4 30
ob=(1)
* 9
cfi=(221)
cfn=(964)
+3 69
cfn=(434)
+2 3
+4 8
-1 3869
cfi=(249)
+1 56
+1 12
* 31
cob=(2)
+1 15770
cfi=(47)
+1 11

calls=8 462 
-64 350
calls=1 -57 
2548 60
+2 352
-63 7
-9 34
+1 18
* 65
+2 3
+1 318
+30 1
+4 10746
+12 30
+1 7394

fi=(251)
-18 1
cob=(3) /usr/lib/libm.so.6
+12 6941
+2 170172
+3 10
-5 1
-14 234

-1 2
-3 2532342
cfn=(202) _dl_map_object_from_fd
+1 18
+3 1780
calls=1 39 
+3 30
cfi=(30)
-92 49075
cfn=(832)
-1 302
+28 501
* 3981
-1 44
+1 1
fn=(212)
+2 32
+3 690
-1 217528
+3 1
cfn=(1346) __GI__IO_un_link.part.0
fi=(4)
2223 2346
* 12
29 22
+2 114
+3 1670
+1 24
-5 8
+5 27
-5 11824
+1 3
fl=(73) /usr/src/debug/glibc/glibc/elf/dl-version.c
+2 4374
fi=(251)
+3 346
1637 1569
+29 4306
cfn=(932)
80 20
-1 18
* 923
+4 69
cfi=(48)
986 35
fi=(255)
+2 117
+1 1447
2941 1
1741 56
-2 382
628 30
+1 1
+37 626
+1 2
+6 11
+1 299429
cfn=(1051) duplicate_node_closure'2
fe=(253)
cfn=(936)
* 38
+1 78
+4 2
+1 2532
cfn=(84)
fe=(257)
* 2
* 198
+4 4
+1 1
+4 1
+3 8
-11 4
+3 7
146 16015637
fn=(794) _dl_runtime_resolve_xsave
2999 4731
28 3
fn=(1152) __mpn_cmp
+1 32
+1 4
cfn=(1354)
+1 214
fn=(186)
* 17
-2 2
-1 4
* 144
+3 1
30 54
+1 3798
+1 393
+12 1
* 6552
+1 13904
+5 4
fn=(220) __GI___close_nocancel
* 156
calls=1 29 
+2 597054
fn=(276) _dl_tls_static_surplus_init
fe=(21)
cfn=(876)
+1 378
+51 246
1184 27
+7 2
-1 29806173
1138 1
* 1053
fn=(560) powf@@GLIBC_2.27
+3 6123
cfn=(946)
-3 1
calls=1 -3 
+1 48
+3 8
984 2264
1166 1464
+1 120
+1 1814
fe=(2)
+1 382
+4 9
269 4
+1 1860
-3 2334
+1 10
+3 5757
-4 2
+1 1
fe=(162)
-1 5
fi=(147)
+10 3040
+1 2
calls=1 435 
-12 54
+4 4
-2 108
+1 1046
+1 2
565 400
+16 60
+1 2017
+2 69

-36 46468
cfn=(977)
+3 3447
+3 10
+2 111
cob=(8) /usr/lib/liblzma.so.5.8.3
+1 1569
+1 146840
+2 2
* 258
cfn=(964)
-4 1
* 1
calls=1 -23 
+11 907
fl=(146) /usr/src/debug/glibc/glibc/math/../sysdeps/x86_64/fpu/multiarch/s_sin.c
fn=(422) wmemchr
+3 24
-17 1
+1 1
* 96
+1 36
258 24
fe=(173)
* 8
calls=1 767 
+20 7259
-6 6
* 184
-2 22
+1 8
+1 291509
+1 15
84 1
* 78
cfn=(1336)
96 228
-76 36
+7 206
-1 14
cfi=(253)
fi=(238) /usr/src/debug/glibc/glibc/stdio-common/vfprintf-process-arg.c
+3 4
+1 879
cfi=(253)
cfn=(832)
+1 54
+1 1

+3 111
+3 76
cfn=(614)
fe=(250)
+1 2
cob=(3)
cfi=(40) /usr/src/debug/glibc/glibc/elf/dl-hwcaps.c
* 31
calls=1 207 
fe=(261)
+2 17522
+7 6
1288 25026
+3 5
+23 1271506
+1 6

+1 100
-9 2
cfn=(794)
+6 1
+1 930
59 62
+15 14026
+2 15366
+2 6
fi=(301)
+78 2
+1 50
1511 110
1586 12371
cfn=(664)
-1 84
+13 436862
fi=(251)
-30 480
+17 408
* 19
cfn=(1062)
-4 74
+1 5290
calls=3867 +17 
+1 2
calls=3 -4 
+8 6
+7 3
cfn=(20)
2014 27305
+31 8590
fn=(372) __memcpy_chk
-1 39542
+2 8450
+3 11088
fl=(231)
-16 312
* 1281328
fn=(236) cache_rpath
calls=17 2519 
fi=(182) /usr/src/debug/glibc/glibc/elf/../sysdeps/generic/dl-hash.h
+1 18
+3 5
-1 163623
+1 2
+1 4
+20 29
+1 1
+4 34
-38 12
fi=(29)
+8 8
cfi=(253)
+1 344
calls=1 -97 
+2 1
+2 1464
+31 252
289 2
+8 1
cfn=(832)
+71 18
+1 11
+1 11
+1 13325
+1 15
+1 4822
calls=3 +47 
+4 8
+6 582720
-2 7560
+1 1418
+1 516
+2 15
-4 2

+12 54
cfi=(192)
cfn=(1222) check_dst_limits_calc_pos_1
+2 30930
+4 14
fn=(388) strnlen
+1 6
141 32
-1 423534
cfn=(1066)
+2 6
-11 1
398 2015666
+11 62
cfn=(806)
+1 4
-3 2
+7 2
+1 4030
+1 107
+1 861
+1 229046
+36 4
calls=1 30 
* 22
fi=(5)
cfn=(444)
+2 5
+3 844114
+4 45
cfi=(232)
+12 2
3206 2
+5 71
* 1
-35 808
+1 353
+4 1056
+1 278
+2 1
+1 193
+5 1
+2 20
355 10620
* 28
984 1132
cfi=(114)
+3 9
cfi=(192)
1037 222
+29 15
+7 32510
calls=1 198 
-1 830
cfi=(192)
cfn=(1170) __libc_dynarray_resize
+3 53
-2 2
+6 732
+2 18171
+9 19682

-28 125985
+4 259
+2 20
cfn=(1114)
+1 23
+6 1
+10 143
+4 1
+1 4
+1 10
141 374518
+2 64
-27 175
cfn=(512)
cfn=(30)
calls=20636 4351 
+1 3725
+2 7
+2 23744
-10 732
* 81146
+1 62
fi=(288) /usr/src/debug/glibc/glibc/libio/../iconv/gconv_charset.h
fe=(227)
cfn=(64) strlen
* 249
+3 52807
+4 1
+1 1970
+7 1
+8 2
+12 12
+4 6480
cfn=(1132)
+20 76
fi=(301)
+4 20
+1 1834
fi=(251)
fi=(251)
cfi=(219)
31 1
-4 2812176
-4 1
-51 1
3868 24
cfi=(192)
fi=(301)
fl=(8)
+16 3
cfn=(922)
+16 2
cfi=(250)
fl=(241)
+1 195
calls=109 3319 
calls=173 -25 
+1 172

+1 55
+2 3
fe=(257)
+1 354773

+47 1
+1 422
+1 9
+1 15
cfi=(253)
+42 57625
-1 39554
3823 12
cfi=(292)
fe=(185)
+78 687
345 111
+2 3
+4 11601
calls=523 -89 
+5 63
+27 1
439 36
+1 210
+1 12
cfn=(74) _dl_new_object
-79 45756
fl=(245) /usr/src/debug/glibc/glibc/io/../sysdeps/unix/sysv/linux/fstat64.c
+11 438956
+1 944
fi=(72)
296 16157
-1 27
+16 3
+2 24
fn=(486) fmaf
+1 520
+5 1
+1 10
* 75909
-1 57
calls=147 1285 
* 738
fi=(253)
-13 10
cfn=(988)
59 108
* 98645
+11 4
+1 1
calls=3288 1611 
* 55
+2 2
+1 126
+1 53
cfn=(953)
fe=(306)
3978 11447
fi=(251)
fi=(279)
+9 122
+2 36122
+49 40
+1 3
+6 36
cfn=(1116)
fe=(257)
fl=(105) /usr/src/debug/glibc/glibc/debug/../sysdeps/x86_64/multiarch/memcpy_chk.c
-1 5580
fi=(4)
+4 61316
cfi=(224)
fn=(150) expand_dynamic_string_token
* 48
+13 12
-1 3
fe=(48)
cfn=(76)
* 8
+1 48
* 36884
-2 16
cfn=(80)
cfn=(876)
810 1
59 20
calls=250 +33 
+12 86718
* 1538530

76 35
+10 1
+3 780
-7 6
+1 6
+3 63
+2 23
+1 38
+1 1047344
+1 8
fn=(992)
fl=(170) /usr/src/debug/glibc/glibc/math/../sysdeps/x86_64/fpu/multiarch/s_sincosf.c
cfn=(580)
cob=(3)
+3 1447
* 16
cfn=(388)
cfn=(20)
151 1688
+2 252
+3 828
2609 118
-4 630
+1 3
+3 336895
cfi=(134)
-98 18
+4 14
calls=1 -28 
+3 2
+5 4729

-1 1
cfi=(112)
+2 3
+6 14
cfi=(12)
+2 2
+1 1
3242 78
+1 5309
+1 32
* 3418
+10 3428874

calls=1 25 
cfi=(253)
+3 24
calls=536 +42 
+18 91227
+1 653
+1 363
+1 301
calls=5094 26 
+7 36
+1 1722
+9 6999
+2 1886
+6 10
+2 80
* 5
+6 74597
cfn=(1344) _IO_un_link
+1 4
-3 36884
+5 3
+3 54
-1 24
+2 27735
-1 256
184 732
+1 6365
-1 96
+2 152
855 732
+1 35
* 189
-8 39228
+1 16
+1 54
cfi=(110)
+1 4
2635 174
+2 143
+2 7560
+14 1571022
+10 13937
fe=(250)
cfn=(900) _IO_setb
+1 71
-2 1
fn=(508) exp2f@@GLIBC_2.27
+10 458796
* 17
-1 9
61 3
129 25
calls=1 31 
+1 1463
+1 31
+2 4
+1 732
+2 1364
198 1
+1 1464
fe=(250)
cfn=(1300)
-2 176
cfi=(214)
59 3154
-3 194578
cfi=(192)
cob=(2)
-18 136
-1 17824
-6 286
cfi=(187) /usr/src/debug/glibc/glibc/resource/../sysdeps/unix/sysv/linux/getrlimit64.c
fn=(20)
cfi=(253)
calls=224 1536 
fn=(698)
+9 36884
+2 248634
* 1
296 10
cfn=(1220)
-2 1
1240 1266
+8 14
+4 1
+3 90
fe=(17)
calls=27119 1488 
-2 258
+1 6
+2 4
-6 36884
-2 270
+1 47
* 588711
* 98718
+51 18
fn=(142)
cob=(6) /usr/lib/libz.so.1.3.2
674 2
cfi=(253)
+16 34
+2 54
+2 13344
+1 3973
759 162
fn=(261)
+5 535
fi=(13)
+3 732
616 187259
29 1
cfn=(44) update_active.constprop.0
+16 1484
+1 187148
cfn=(688) 0x00000000086b5000
1646 8
cfi=(192)
+6 2
-2 190
calls=192 +8 
-10 1
+6 16
+4 4
-13 189
+3 1
+1 3
+10 64
30 1
+4 1
calls=1 133 
+34 2
-86 1
+2 9090

+1 1
+2 1561
cfi=(299)
+1 1
+1 1
+1 4
fn=(188) _dl_lookup_map
+1 47
cfi=(113)
+2 25
cfn=(1195) transit_state_bkref'2
+1 1
fi=(6)
fi=(255)
cob=(2)
calls=9 -8 
